4294967294,0
16,2
16,5
4294967279,332
4294967278,428
4294967279,331
4294967278,213
4294967278,427
4294967278,426
4294967278,425
4294967278,107
4294967279,174
4294967279,520
4294967278,424
4294967278,423
4294967278,106
4294967278,210
4294967278,422
4294967278,421
4294967278,420
4294967278,419
4294967279,266
4294967278,418
4294967279,274
4294967278,417
4294967278,416
12,93
12,92
12,91
12,90
4294967279,330
4294967279,329
4294967278,415
4294967278,414
4294967278,413
4294967278,412
4294967278,411
4294967278,410
4294967278,409
4294967279,214
4294967278,203
13,13
13,0
12,89
12,88
12,87
12,86
12,85
12,84
4294967278,197
4294967294,82
12,83
12,82
12,81
12,80
4294967279,290
4294967278,292
4294967278,370
4294967279,564
4294967278,369
4294967278,408
4294967278,376
4294967278,375
4294967279,563
4294967278,368
4294967278,367
4294967278,407
4294967279,535
4294967278,406
4294967279,558
4294967294,12
4294967294,68
4294967294,11
4294967278,405
4294967279,562
4294967278,84
4294967278,374
4294967278,373
4294967278,372
43,4
4294967278,87
11,381
4294967278,404
4294967294,1432
4294967294,7
4294967294,6
0,5
4294967294,26
4294967294,970
31,4
11,182
11,181
11,180
11,179
11,178
11,177
11,176
11,175
11,174
11,173
11,172
11,171
11,170
11,169
11,168
11,167
11,166
11,165
11,164
11,163
11,162
11,161
11,160
11,159
11,158
11,157
11,156
11,155
11,154
11,153
11,152
11,151
11,150
11,149
11,148
11,147
11,146
11,145
11,144
11,143
11,142
11,141
11,140
11,139
11,138
11,137
11,136
11,135
11,134
11,133
11,132
11,131
11,130
11,129
11,128
11,127
11,126
11,125
11,124
11,123
11,122
11,121
11,120
11,119
11,118
11,117
11,116
11,115
11,114
11,113
11,112
11,111
11,110
11,109
11,108
11,107
11,106
11,105
11,104
11,103
11,102
11,101
11,100
11,99
11,98
11,97
11,96
11,95
11,94
11,93
11,92
11,91
11,90
11,89
11,88
11,87
11,86
11,85
11,84
11,83
11,82
11,81
11,80
11,79
11,78
11,77
11,76
11,75
11,74
11,73
11,72
11,71
11,70
11,69
11,68
11,67
11,66
11,65
11,64
11,38
11,37
11,36
11,35
11,34
11,33
11,32
11,31
11,30
11,29
11,28
11,27
11,26
11,25
11,24
11,23
11,22
4294967294,1424
11,380
11,379
11,378
11,377
11,376
11,375
11,374
11,373
11,372
11,371
11,370
11,369
11,368
11,367
11,366
11,365
11,364
11,363
11,362
11,361
11,360
11,359
11,358
11,357
11,356
11,355
11,354
11,353
11,352
11,351
11,350
11,349
11,348
11,347
23,4
4294967294,1415
4294967294,946
11,346
11,345
11,344
11,343
11,342
11,341
11,340
11,339
11,338
11,337
11,204
11,203
11,202
11,201
11,200
11,199
11,198
11,197
11,196
11,195
11,193
11,194
11,192
11,191
11,190
11,189
11,188
11,187
11,186
11,185
11,184
11,183
11,208
11,207
11,206
11,205
11,39
11,336
11,335
11,334
11,5
11,333
11,332
11,331
11,330
11,329
11,328
11,327
11,326
11,325
11,324
11,261
4294967278,403
4294967278,402
4294967278,401
9,10
11,323
11,0
9,5
18,4
18,5
4294967279,547
4294967279,546
4294967278,358
12,79
12,78
12,77
12,76
4294967279,560
12,43
12,39
12,75
4294967279,268
4294967279,269
4294967279,267
4294967279,557
4294967278,365
4294967279,556
4294967278,364
4294967279,555
4294967278,400
4294967279,554
12,42
12,41
12,5
4294967278,249
4294967279,230
4294967278,399
4294967278,398
12,74
12,73
12,72
4294967279,559
4294967279,328
17,2
17,6
17,5
17,4
4294967294,472
4294967294,1420
4294967279,327
14,2
14,10
14,9
14,8
12,71
4294967279,251
4294967278,397
4294967279,550
4294967278,396
4294967279,238
4294967278,395
4294967278,394
4294967279,514
4294967279,313
12,70
4294967279,294
4294967278,362
4294967279,544
4294967278,357
4294967279,541
4294967279,540
4294967279,539
4294967279,137
4294967279,284
4294967278,366
4294967279,259
4294967279,326
12,69
4294967279,325
4294967279,553
4294967278,255
4294967279,525
4294967279,552
4294967279,551
12,40
12,6
4294967279,234
4294967279,518
4294967279,319
14,7
14,11
14,12
16,4
12,68
12,67
12,66
4294967279,324
12,65
12,0
12,64
12,38
12,37
12,36
12,35
12,34
12,33
12,32
12,31
12,30
12,29
12,28
12,27
4294967294,1422
4294967279,228
4,2
4,4
4294967294,469
9,4
11,322
11,321
11,320
11,319
11,318
11,317
11,316
11,315
11,314
11,313
11,312
11,311
11,310
11,309
11,308
11,307
11,306
4294967279,517
14,4
14,6
14,5
4294967279,323
11,305
11,304
11,303
11,302
11,301
11,300
11,299
11,298
11,297
11,296
11,295
11,294
11,293
11,292
11,291
11,290
11,289
11,288
11,287
11,286
11,285
11,284
11,283
11,282
11,281
11,280
11,279
11,278
11,277
11,276
11,275
11,274
11,273
11,272
11,226
11,225
11,224
11,223
11,222
11,221
11,219
11,220
11,218
11,217
11,216
11,215
11,214
11,213
11,212
11,211
11,210
11,209
4294967278,393
12,26
4294967278,194
4294967279,303
11,271
4294967278,392
12,25
4294967279,322
12,24
4294967279,321
4294967278,391
4294967278,290
4294967279,537
4294967279,536
12,23
4294967278,343
4294967279,528
4294967279,527
4294967278,341
4294967278,338
13,12
12,22
12,21
12,20
12,19
12,18
12,17
4294967279,260
4294967279,222
4294967279,218
4294967279,216
12,16
4294967279,549
4294967279,519
4294967279,516
4294967279,317
4294967279,315
4294967278,317
4294967279,309
12,15
12,14
12,13
12,12
4294967278,180
